00011111
00000100
11001011
11001100
00011010
01100010
10001010
00111101
10011111
01110101
01011010
00111000
10011111
10111101
10011001
01010101
11000101
00110101
01110000
11001001
00111000
00110100
11000011
00001110
00111111
01111100
00101010
10000110
10101000
01101001
10001001
10100111
00110001
01111110
00010111
01101100
10110000
11000010
01101001
00111010
10001001
11000001
01101011
11001101
00101001
00010111
00111110
01010011
01011000
01000001
10010010
00010011
01010100
00111110
01000000
00010110
01111101
00111011
00100000
00000000
00111011
01110100
10110111
00001000
10111110
00011011
10101111
10101000
11000001
00011100
01101010
01010101
00100100
01111001
01111111
00101101
01101101
11010000
01100111
10010010
01010110
00000111
00111101
10101001
01001001
00010001
01101011
01001101
10011100
01101110
10101001
10101100
00100111
00011010
10101101
10000110
00000011
10111101
01101100
01110010
01111111
10100000
10110100
01010000
00010001
10011010
01000110
10110001
01001110
10101110
00100101
00011011
10111001
00001001
10010000
10011010
01011100
01010000
11001110
01010100
01011100
00100001
01000100
01000010
10111100
00110100
01000001
01010110
10010101
00011110
10110111
00010001
01100001
00000110
10011110
10010011
00101101
10001111
01110101
10110011
01110101
10111110
01011000
01001011
01100111
00110110
11000100
01100010
00110101
01011010
10010100
01010100
00100110
10110100
01111011
01001110
00101110
00101110
01101110
01011011
10011100
00001110
10110010
10001111
00011100
10110101
00101010
10000000
01110010
00100010
00000001
10100010
10100001
01011000
00001011
01111011
00100100
10011001
01110000
00110101
11000001
10011111
10111011
00001110
00100110
10011011
10010011
10100011
01101001
01011001
10000000
10110100
10001101
01101110
00111111
10010100
01010000
01110111
10111011
10110001
10111101
11000110
10101100
00000000
00000000
00010010
00110111
00000100
01011001
01000111
01110010
11000011
00111110
01000111
10110101
01000111
00011101
01101011
10110100
01010001
10010010
10000100
01011111
01100011
11001000
00010001
00111011
01011110
01111011
10111001
01100010
01011100
10011101
01100010
10110101
01100010
01101001
01100110
00110000
00010010
00001110
10111011
00110001
10110101
10010110
10111000
11000101
00011101
01010011
11001110
10001000
10111101
01100101
00000010
10000011
00110000
