00011111000001001100101111001100000110100110001010001010001111011001111101110101010110100011100010011111101111011001100101010101
00010111000001000100101101001100000110100110001010001010001101011001111101010101010110100010100010011110101111011001100101010101
00011011000001001100101011001100000110100110001010001010001111011001111101110101010110100011100010011101101111011001100101010101
00011101000001001100101011001100000110100110001010001010001111011001111101110101010110100001100010011011101101011001100101010101
00011011000001001100101101001100000110100110001010001010001111011001111101110101010110100010100010011011101111011001100101010101
00010111000001001100101011001100000110100110001010001010001111011001111101110101010110100010100010011101101011011001100101010101
00010111000001001100101111001100000110100110001010001010000111011001011101110101010110100011100010011011101011011001100101010101
00011011000001001100101011001100000110100110001010001010001110011001101101110101010110100011100010011011101101011001100101010101
00011101000001001100101011001100000110100110001010001010001101011001110101110101010110100010100010011011101101011001100101010101
00010111000001001100101011001100000110100100001010001010001101011001101101110101010110100001100010010111101011011001100101010101
00010111000001001100101011001100000110100110001010001010001111011000111101110101010110100001100010010111101011011001100101010101
00011011000001001100101011001100000110100100001010001010001111011001011101110101010110100011000010011101101011011001100101010101
00011101000001001100101101001100000110100110001010001010001111011001101101110101010110100011000010011111101101011001100101010101
00010111000001001100101011001100000100100110001010001010001111011001101101110101010110100010100010011011101011011001100101010101
00011011000001001100101101001100000110100110001010001010001111011001101101110101010110100001100010011011101111011001100101010101
00010111000001001100101101001100000100100110001010001010001111011001111101110101010110100011100010010111101111011001100101010101