[[[[  82  -84   56]
   [  43   82  113]
   [  82   37   79]]

  [[  47   99   36]
   [  58   93   99]
   [ -14   84  -75]]

  [[ 123   52  -80]
   [-116   38  -68]
   [-116  123  -81]]

  ...

  [[  69  112  119]
   [  71   21   39]
   [ -34   85 -125]]

  [[-119   22   39]
   [  43  -35  -40]
   [  34 -115    2]]

  [[   6  103  -28]
   [-108   78 -126]
   [  90  -17  -20]]]


 [[[  32   49 -100]
   [  49  -79   73]
   [ -71   -9  106]]

  [[ 109   21  -68]
   [  89  -74   36]
   [  19  -60 -124]]

  [[ -16 -106   71]
   [  80  -99  -33]
   [ 114  -25  -39]]

  ...

  [[ -83 -103  103]
   [  68   23  -56]
   [  10 -102  -64]]

  [[  86   71  106]
   [ 114  -89  -68]
   [  46   82   85]]

  [[ -92  -28 -102]
   [  72   36  -75]
   [  13  -73  -39]]]


 [[[ -30  -86  -96]
   [  27  -13  -63]
   [ 115 -100   -7]]

  [[ -87   52  -51]
   [-120   70   12]
   [-115  -38   73]]

  [[  35   64   57]
   [ 116  105 -116]
   [-127   54   47]]

  ...

  [[-125  -60   55]
   [ -11  -58   82]
   [ -98  -67 -113]]

  [[ 121    7   70]
   [   1    6  -82]
   [  97  122   20]]

  [[ -19  -23  111]
   [ -91  -66  -44]
   [   4   27  -55]]]


 ...


 [[[  48   70 -107]
   [-109 -127   69]
   [ -11   56  -46]]

  [[ -46 -125  108]
   [-117  -46  -61]
   [  35   83  -74]]

  [[-126   20  -11]
   [  -8  -84   13]
   [  32   19 -114]]

  ...

  [[ -30   37 -109]
   [  53  -15  -25]
   [   2  -29   32]]

  [[  90   73  -94]
   [  42  -87  -67]
   [  45   13 -117]]

  [[ -33  125   85]
   [ -77   66  112]
   [  69 -108   19]]]


 [[[ -73   50  -61]
   [  60  -46  -66]
   [ -19   81   50]]

  [[  35  -10   49]
   [  67 -120   49]
   [-113   24   67]]

  [[ -61   26   29]
   [  57   86  -64]
   [ -45   18  -59]]

  ...

  [[ -77  -75   60]
   [  91   46  -51]
   [  83   11   59]]

  [[  72   24   56]
   [ 106   75   56]
   [-125  -73 -108]]

  [[ -32  -12  -51]
   [  17 -126   83]
   [ -18   24 -121]]]


 [[[  67  124  -73]
   [  47   34  -98]
   [ -50    8  -92]]

  [[  91  -11   85]
   [   9  -96   62]
   [  -9   26   20]]

  [[ 127 -102   71]
   [-128   46    5]
   [  -6   -1    4]]

  ...

  [[   7  -52   64]
   [ -25  107  -49]
   [ 108  -15   96]]

  [[  14   81   72]
   [-105   70   26]
   [  29  -74   37]]

  [[ -81  -79   19]
   [ 108   29   57]
   [  55  103   94]]]]
[[[[  82  -84   56]
   [  43   82  113]
   [  82   37   79]]

  [[  47   99   36]
   [  58   93   99]
   [ -14   84  -75]]

  [[ 123   52  -80]
   [-116   38  -68]
   [-116  123  -81]]

  ...

  [[  69  112  119]
   [  71   21   39]
   [ -34   85 -125]]

  [[-119   22   39]
   [  43  -35  -40]
   [  34 -115    2]]

  [[   6  103  -28]
   [-108   78 -126]
   [  90  -17  -20]]]


 [[[  32   49 -100]
   [  49  -79   73]
   [ -71   -9  106]]

  [[ 109   21  -68]
   [  89  -74   36]
   [  19  -60 -124]]

  [[ -16 -106   71]
   [  80  -99  -33]
   [ 114  -25  -39]]

  ...

  [[ -83 -103  103]
   [  68   23  -56]
   [  10 -102  -64]]

  [[  86   71  106]
   [ 114  -89  -68]
   [  46   82   85]]

  [[ -92  -28 -102]
   [  72   36  -75]
   [  13  -73  -39]]]


 [[[ -30  -86  -96]
   [  27  -13  -63]
   [ 115 -100   -7]]

  [[ -87   52  -51]
   [-120   70   12]
   [-115  -38   73]]

  [[  35   64   57]
   [ 116  105 -116]
   [-127   54   47]]

  ...

  [[-125  -60   55]
   [ -11  -58   82]
   [ -98  -67 -113]]

  [[ 121    7   70]
   [   1    6  -82]
   [  97  122   20]]

  [[ -19  -23  111]
   [ -91  -66  -44]
   [   4   27  -55]]]


 ...


 [[[  48   70 -107]
   [-109 -127   69]
   [ -11   56  -46]]

  [[ -46 -125  108]
   [-117  -46  -61]
   [  35   83  -74]]

  [[-126   20  -11]
   [  -8  -84   13]
   [  32   19 -114]]

  ...

  [[ -30   37 -109]
   [  53  -15  -25]
   [   2  -29   32]]

  [[  90   73  -94]
   [  42  -87  -67]
   [  45   13 -117]]

  [[ -33  125   85]
   [ -77   66  112]
   [  69 -108   19]]]


 [[[ -73   50  -61]
   [  60  -46  -66]
   [ -19   81   50]]

  [[  35  -10   49]
   [  67 -120   49]
   [-113   24   67]]

  [[ -61   26   29]
   [  57   86  -64]
   [ -45   18  -59]]

  ...

  [[ -77  -75   60]
   [  91   46  -51]
   [  83   11   59]]

  [[  72   24   56]
   [ 106   75   56]
   [-125  -73 -108]]

  [[ -32  -12  -51]
   [  17 -126   83]
   [ -18   24 -121]]]


 [[[  67  124  -73]
   [  47   34  -98]
   [ -50    8  -92]]

  [[  91  -11   85]
   [   9  -96   62]
   [  -9   26   20]]

  [[ 127 -102   71]
   [-128   46    5]
   [  -6   -1    4]]

  ...

  [[   7  -52   64]
   [ -25  107  -49]
   [ 108  -15   96]]

  [[  14   81   72]
   [-105   70   26]
   [  29  -74   37]]

  [[ -81  -79   19]
   [ 108   29   57]
   [  55  103   94]]]]
