10000100
00100001
00110111
00100111
00100111
01000001
10110000
01011110
01010000
00100011
11000001
01010001
10101000
01111011
01001011
10101111
10011100
01011100
10100010
10110011
01010101
01000010
01110111
10110100
10001100
01001011
10010010
10111110
01101100
01101100
00111110
00001110
00100100
00010010
01011100
00000001
10110111
10000000
00000000
00000110
00101001
01011010
00011001
00000001
10010001
01000110
10011100
01010111
01010111
00001001
00001001
00010010
01110110
00110000
10101000
10101011
11000000
01100001
00101100
00101101
01101011
10011000
01000101
01011100
01111111
10110111
00100000
10001111
01110011
01010110
10110000
01001110
00100011
01111110
01111100
01000001
10100000
11000111
11000100
00011001
00101110
00000100
01111001
00010110
01010001
10110000
01101101
01001001
00101001
01011000
10111111
00011000
01011110
10101011
00001000
10001010
11000011
00111000
00011010
10001001
10110101
01111010
10110011
00100110
10010110
01000101
01010011
00011111
10100011
01111100
10010011
10100001
00001101
10111110
01100011
10010111
10010100
10100110
00011111
01011011
01111011
10111010
10100111
10110011
01110100
01110100
10101010
00000110
10110001
01010001
00000111
10010101
00011110
00011100
01111001
00110010
01000000
01010000
01010001
01001101
01111001
00100001
00100101
00010010
01000000
10011001
00101110
10010100
10001010
10100100
10100101
00111010
00111101
01101000
01000001
10100110
10100010
01101111
00110100
10001000
00101110
01011011
01001100
01101011
11000110
10010111
11000100
00101110
01101001
00001010
10010111
01111000
10101011
11000101
10111001
01010001
00000000
01101100
00101001
00101011
01000001
00010011
10010101
10010101
01101100
01000011
10100110
01101110
10111111
10110010
01000111
01101101
01000101
01111100
10011111
10010101
00011001
10100100
00000101
01010010
10010010
10011100
01001001
10010100
10110010
00110000
00011001
00101101
01000110
00111001
10111001
00001010
01110110
00100000
10100111
00100001
01100100
11000111
01000111
00001001
00101010
01001111
01000010
00101101
10111011
10001000
11000000
01010111
10111100
00000001
01111010
10100000
00101110
10111010
10011000
10100101
01110010
10011110
01000001
00101100
00111110
01110100
10100101
00111010
01010000
10101100
01111010
11000110
00101000
10100101
10000111
00110001
01011111
01001111
01110111
10100000
